64140874231
31258457663
14754300019
15928688379
42525478394
19363811608
74026038561
78840475162
73796125267
74326950827
62842204276
73189349106
54682715384
64605029756
63468288975
47673150801
32318944769
39970162401
80889721430
26122646826
74680705528
61026705027
77630079982
92183792604
20276127220
65112162504
66370897536
52700370696
36963528327
76588438641
29635162158
82448861587
29929413147
31499495464
11074673754
93175894527
92875818346
90105131002
43482945742
53011281590
29160586650
43168878418
42445803274
37793543927
30782724888
69824253704
96478727075
26937773900
47562024066
69291165260
34339140515
74561751734
73911818709
96669146401
45779778244
25134480925
89679366667
58522784164
22469450269
45646861360
65844242425
98551842475
93084492273
63250390836
41643194570
99383324025
40345621337
19317555437
88541416597
23342436112
72452156284
93415977714
79111957025
47188952370
78721479576
72080736828
75253825501
41486618183
75928914716
76202284772
64338379595
28190413899
22037458242
85898650110
78637228380
45288564512
29653803830
35463001002
77935042805
51233846733
48241310633
17924739516
31734315003
33861266222
40965722518
27816959919
10848275599
66940300242
16017541138
27431191591
16844829073
16862046180
55013856820
46044895323
13527292572
61643423208
35059098892
31179487935
82262118829
52910283695
76596953585
70106940969
75356694838
33720933055
98757884494
75653236539
94219215302
81077538188
96754729066
99829597040
35047933982
38780588207
56364208742
57566980324
21260250582
58992757259
35639816417
70110430813
97573841434
28568173179
79477943438
57509625091
41230966433
62709246561
72309787590
40059324117
28677385780
90134147082
36952763898
91351039036
85006890461
75787708617
95962817699
53019246983
30762826187
27547422404
75107272146
72381334970
24915392049
56866122532
86430774699
38363968452
71259125447
71556678376
79354828221
69252318022
92211469505
15724287727
13712263497
90435602765
83985009625
34387584447
36344532038
29259788321
41192422512
41373991628
89232819969
34130825581
48496632183
43964385856
33908497603
16911352805
51331410341
44246728250
98822690960
53141683642
95104590392
19393224095
64144774814
22044502543
79178477199
86135482083
17245872630
98451364244
53764886985
86664456813
25779131069
37690274908
89040655254
92812653429
59671285316
51652576128
24147805258
73030411481
13182584764
53819808026
31711630483
65313453755
80379488857
22903747341
56485493047
33715362800
48760465897
28282747709
34887313152
28829011258
45641792485
85612742306
98546863760
50437950864
59855933438
41797038751
43756898829
43727118087
16896723041
80296344356
28214180198
72385124419
29236925155
84844614367
43986785136
81274527913
95159622387
63742992648
81753918703
51382845996
13255884837
16652791463
41167864486
77759606192
64589664912
14708632247
28108825235
54869990101
14541131658
57874659695
55266193099
53204853225
40901042376
86408330279
19348579365
83661460702
94019380833
31988719288
31160338989
23526097064
80771298688
22022962824
14131316272
49769848679
17427949396
41687715952
87589608473
13910299927
90783697723
12632908280
92535826881
47919527110
63606913888
72257524990
80821233376
37071575733
11217160674
60916764229
98822035260
34656558834
38519239698
81054913304
30402036402
32556833246
63772070159
55497866228
93822405949
75465132381
97689595105
55389591804
69069261140
52390766883
25418529832
39251689258
46310052105
48934548790
41001837495
30297800861
87674901588
29235965234
57934353089
23129020764
44332604695
85311024614
19795142093
34870837886
27129341455
10247644963
65068803793
50855065137
15100844930
42407216507
18101824349
17422963066
73133652800
40209185594
34401263937
19161326273
99079773888
17224727088
64399376004
39992858061
38137525554
52516578099
15961711488
64261055466
48236886808
90610520445
43829400701
36592483210
59572379363
16695389444
96921739746
32266528261
40011710544
22254362879
31783284184
70923926099
67130236466
57433332625
26540725874
59946701149
49327954210
76985642989
13044192254
57005063173
10872215529
56066222936
39460308551
26305802994
85740548503
91468327911
83086084326
56861852868
43790034527
30094411307
22312859155
24972238360
25761094050
75005935503
69343654290
70766669335
31584284572
99045649171
80701805692
18020984257
68498587125
26769959410
41060022567
93764095324
17382044679
50194952998
87496278339
90445907973
26203881121
43680756058
62914465598
78744647186
82928250729
26669229559
79566631608
86013303996
40954626981
64513949525
10783349247
22840509792
89173232210
58535430419
74027593695
87104235548
86960238502
62270788355
91985293813
69063219631
21974792740
17152576762
22344419994
95065304916
88975507854
63505066293
25193260790
96245197404
36014246804
46671076264
67978779288
25450012453
89274066191
10967218682
61113163068
77966525183
31139283765
13265539413
44563070167
44747112939
79774382784
94238572615
36893963101
51193200954
82282310916
22937811718
72174991638
72295858143
17194382516
75860136116
66624132855
19935217542
49313707482
66562783111
55486161411
22538242114
39624140595
17565403665
74115716611
88323572175
88998702088
37258639243
48319123470
25138078004
72509451218
19552202481
85484538863
15283637247
69137594371
31288483193
10176152993
64955544774
83250141946
26965539172
78376344823
31892212402
33231414909
31564703426
94547509750
57026600299
43383343000
95887824949
37262970353
32835863676
91461175560
29161350598
66798413964
49179172469
76074634773
38803795492
26962020581
48700377388
95181030990
19938146257
67150375862
42498634393
71304118996
91159143132
67094587459
20965054274
23042325119
38496816926
48733479625
45411410892
11587989739
19289322128
91534939018
34019500249
91027241023
98109043190
33814302533
56764955610
63852301739
59967486667
17437804915
46471881797
97130419312
27550879022
22954192221
66698404636
57358766424
35056655490
77580399272
90879626734
27299741539
60155293857
75542027722
38944090623
67531272652
61160289031
55712940849
71880453515
26259977060
42873539052
11713035446
20018077869
38747184044
67310181812
86284352043
95523487360
72960729329
16079834371
89022717151
25259598082
68144320785
63122045372
44621861474
55521805184
95241666672
34222386249
92643948171
95596936621
39376112208
19477243225
50794657300
75945786255
38040235641
12826445808
97323735052
86887436076
74119466505
37135163722
75236441204
46349249027
21452284298
93195261957
73991406487
48544904403
81368886408
75321639899
23649601648
94405621359
64226450991
58599674834
17449273564
54311405971
85667744214
12008347047
18033071975
49629974357
85383729670
83985173288
70372285889
73780381191
25323420880
59877098707
75009253154
76157275009
57413601958
21574838650
19076353565
50316292072
38350007385
62954119491
81998159137
31612529740
83847431804
21315579418
50740050803
72981159198
99267388249
13292509009
84712781546
87359452068
63418883519
93858268454
49873794041
14818016699
57101760269
38594891731
41041948620
69543433640
30096043960
37657768362
51122524298
90999769289
51275855500
83978081235
78913568377
97367515860
55567074232
49695018907
27435753858
76902705954
90927872048
99224270745
17160708739
31904050328
57691496887
40863178328
98835996853
42178261244
29005754052
67268666577
44512942246
66305018321
39252195382
76469054761
60365170687
25718458589
98824056423
72126182160
11695197836
58790208642
27996168196
74309281585
70418964857
39967931523
70059698028
45315008982
87916039599
77414762881
44620011321
37836508375
41475140567
89420484010
43788090638
35841702545
39480659526
60992845203
82225951076
54328151559
20393852669
30552743452
26916020554
54763313190
60103964494
67049603529
89399423103
75333137929
51982854959
26020587605
92658856357
48328631821
62195752218
80460620718
49177484018
67403785525
76238783263
56693708242
89014951401
46982979682
46764000032
93297683587
97235878867
37542648843
72721021861
64607394356
69955933489
89606214972
17839443900
33239588907
56476461581
34899678934
47451580467
73804843557
23136644356
25610109647
71787004764
56935131719
65313814429
71987406505
35485386405
66230719195
43207475735
63370050511
77472093160
20544010587
63191976347
35799136046
64172938055
61937651554
54427752493
50295715927
64350125882
53113872605
52743453930
77787855797
42760554580
55349972732
98221027619
43437432963
22025454752
74552396931
62067244709
78254453663
21863224534
95959201063
66067669135
24986376171
33120065242
89044166299
89398904315
97941561131
95062312094
76374779905
48782021664
13974796254
38430443844
98568421138
94593725381
38365146069
95568716015
26842242369
47170381816
56791931836
51644074320
55424868378
78990859321
83902788643
25544301663
38052263561
33915710000
94930824572
65048418746
85995709233
59744325130
75564043062
60806845759
72804440599
51516185222
16183473945
86176864127
78635697792
17088265740
86027594291
35306278308
69542125623
60473473567
18753806380
90750423487
76344897545
13502354591
18967988032
13674330805
84886610053
83103026404
51708453246
40497276935
21695736660
30480571973
11116548794
43182603226
94373922648
14128570700
12842739620
88098337365
72084392429
11668587343
83984529423
92387906396
17020112362
19057490245
98724060425
80870429333
86654357814
68942026672
14330858551
43834954292
30115748941
15908236880
86319552040
64210148264
53836852320
77390904474
39449766578
89721195677
43344283270
41483698894
41566090049
39152322241
29023251994
63000069349
69963078871
75552159294
47316856008
92112947594
56764488556
53242417261
13715474002
90623495322
23454904360
86331971776
51739725841
73963350197
32331735127
38263491559
88823592832
46998148814
91154477016
19070297471
76840592729
73231828790
74997258942
67009666197
68958990768
34806828687
16473666941
80408631401
92618019736
39734176262
67245183317
77993057195
31789575026
64779428429
98026844698
46887820469
34421695743
43314835764
80296546466
34551237673
22672052097
46945998221
15414148906
34023874591
73748847912
69431078403
10514923965
89747733765
83270078067
37833234642
18881770373
24947115257
13461387563
42486624175
58688539192
67578283886
97324597313
97843626889
23107466429
56554833926
52316865885
15264382114
44237479650
55028307492
49383486955
82972716249
99775723128
17933460483
56548668026
97622684715
19360368774
86556271201
65873519379
79247904217
65780519971
46688566716
11042484129
36935756782
24948131336
12752733044
78804589755
28470585622
16676390622
16091235921
70833830689
31293729827
11627967483
37654978819
52889519033
31787095725
53140023660
58989582571
64789280643
48336715835
44733490574
86351876440
60023292313
93243169747
20854068525
91951185606
87055582833
73481151907
45291688096
50724069322
89199715512
58340408468
30422269020
88327870194
77823133142
81945527469
79545337181
49296621093
48201403114
50998820576
68685206156
64132472344
93200737138
36434477478
92635016205
57790537349
30282474384
74349283404
89647600996
17310584542
94655207598
88688525420
85812958993
39022654871
85473771230
31789673135
20569137633
51525195507
56036648533
82690437928
37589208735
13089382727
47701431471
10127103165
98360206138
55296631329
37674204141
36923527432
10962652501
64779513016
29721434472
86560102049
12520244456
77739109447
31848223642
39150386878
14131046403
52534927608
36789248689
41650908994
43569785921
16245423223
96096563774
36155282224
61113041739
54167313097
49078124194
45809689953
31506713275
56330250515
61713418684
43855820229
24927768715
16602482403
20728413414
87850610123
11661707646
74852006252
20404579757
54420955014
40388841872
68266943226
56203531761
57976952788
15921372665
62500356463
30787946644
34404783131
11724187325
61258524594
45775728751
91039988554
69653065260
90642211542
61140822038
92670429640
97201751988
35715508782
80131518850
81954582804
25874826410
11267437680
98653874748
93603453194
41562420486
16682058631
68728520387
18322664649
49529310586
89665859797
20440905026
55055284232
79216348876
26792682078
71647864956
26155578015
25015518671
62670366070
84535263273
99532248686
19478519649
49898917869
24749542986
76134851760
89429451200
78910004416
43222674192
29241151875
36599610688
19593248470
48642509728
29339054558
42579132589
39105475695
64919375635
 50975820535
65272729579
17302090534
43383007223
73880137920
23878059901
28022400576
90460159569
33762449755
12152735319
16758788980
91322681287
57553650108
40109628330
13823820964
29124112450
25614781890
53530743363
20019690898
46789669976
75055199893
74599437847
37885936808
11680854519
78856852677
81071127009
67383123357
36109529133
87777780822
46108673520
55360837504
44766460956
63919050632
81433210919
40682544093
11774848785
86218183533
52493243441
96316080372
81424336746
29868471111
59866467975
33163940364
90648116365
57243172076
89712039312
96018892255
74163601151
24101188827
40399899502
20223196637
43367678436
68518829722
51965537790
20871120550
22645238156
67214019182
94435648852
88275086845
42024076128
69690979229
57782058594
60667820503
11373257500
81679328110
15659448383
49099629985
35876557913
25816444024
11917533176
57718392489
51834449603
52017480467
82407388660
46318262314
28727985477
61916888871
67323960548
58337235374
36041620008
14775488411
93966604944
32369048810
90283710805
42617603141
65374276387
50939382767
73411921809
26587014310
26556893539
98768619698
47255553266
23172965243
24191183268
11593730910
33073809218
46416259259
28947614888
28828215220
87396752836
61782737169
94074155770
98388796242
71403221573
15248886080
92025241080
30798002633
72418466919
46395534328
10126447175
13061269491
34576746070
41825516695
38642197465
39132972201
75860276016
44241461825
57331533617
69611304540
90462135947
55605077852
47161885262
12110892307
91706717341
36152062029
61784159338
81326058675
12455411818
81759590287
99117633463
32797893426
18755575955
44235441300
22420344146
77084303072
20206912977
85030469262
16358267680
66440781258
73270463527
39400021794
34231684528
95336475976
51253413808
93250981698
63044737289
91157044259
21066812211
13547779045
68247069928
46633078547
76828510981
66091581686
57362571125
87184600841
77432150530
56588647904
53699583701
84928694187
55677788254
97625048857
99132959012
48336869472
82050485679
35264572689
73684888710
23151895450
19474213651
69538017552
25316359985
37688399837
60936340252
40956102148
55246108857
91196672779
38706045385
71135643874
48720765010
64926615940
17575871934
18585125069
34580063154
22549724452
73059552786
35386399148
92003422131
48753110212
76597846748
18596144358
25905388116
16324480098
46655481984
14960616988
94008303681
98538192332
66865780861
59732276029
35371200902
55206659669
69924217600
91163767927
77520818345
75307179280
28265048874
60126209007
70984999975
53071582351
18527308058
18153204907
58088591224
98642798194
29972940685
84548424774
11769328762
30516768055
97779128540
43215499158
64252573808
94607778044
84862296863
21595071649
12843027023
77396866492
60095999278
59556527766
89151857276
48796246390
33464803569
89690070746
87084436872
93589375019
73032147665
79931888526
15213370285
96826407604
66423918247
25589004980
27016933142
77745936085
25623852805
38978794154
81845949334
42525326298
57999078927
26084544190
97806914248
91539933386
26471803368
60102494764
56534600786
31768451485
13378706198
77102034717
27967749201
53299719770
67055107188
40194153145
59725971604
52287720535
19885283851
94276396688
38253379251
54520240634
76942876355
73188607849
91252182848
44415249203
52879216770
34285863883
70687441479
47287295235
48016420886
99811363674
11921578921
74043356421
38494995009
93657094541
49201079405
66267543108
75237221771
45865229228
39730057556
64997828809
95858947832
71048866496
99442466342
19305773316
80207615272
58409511794
74814933891
28069180017
42762977756
78962736643
48954899759
82405922924
95466758278
30026544178
97164416771
25428375765
89645317938
57248967191
28113613751
76979009477
37231931556
80602935844
35249026475
48108613249
74192125427
55700870851
42507386282
28314467583
25135551784
52940694885
60615588397
30085252328
29191160987
50135619220
66396132838
51055065134
96382680298
19130709091
63598761018
60259971486
84013751614
41729180854
61819502986
62722289399
48704522215
33117742092
64170868862
42904752592
32462193051
85370576235
13087660320
11469392329
30794356558
40819921429
26722114465
60618628696
95054078621
53184790275
23431867172
90889756054
17359341887
14433707604
67833619994
73047714523
92429870968
28205793198
39793622285
91754509217
24602872956
36321301044
21941782800
69353790735
48200400136
96329534655
72879485885
46286067678
95920149254
27561498731
41592999147
86955953085
12855412017
19166936238
21272273592
12170898477
93381238524
81535640979
29554230268
51196724283
17119937857
13335266718
61741782475
68026559353
43169849078
80725064528
48239293868
68821268990
87501428376
78755934865
41043359278
95815119134
88571102659
64958540069
69608337372
68278625837
38037936122
44542355788
39465430297
89839085623
11336121058
23345171220
59912513710
67237132068
68357450363
18558991810
96094718083
86529809100
75564984524
43622888813
91382436291
70783487356
97907946504
39949660242
65139744946
44618587886
35285965598
66746857173
51399987897
24236030181
42045177112
82411224608
75433631119
25637881262
10797318741
29085123610
45962363322
80342602087
80304684159
58531371278
77792687296
59011405248
94785625737
52467391169
12135647780
30661487349
27635395328
86772993145
36449801678
69778852043
91546910501
98073163332
49321505822
26226524939
47121292419
65689291483
54358540027
18012050242
42540689157
27342100362
16157498860
70365955998
82059741196
43487036789
94166585337
29245983918
23241708024
74827903882
21283421101
59296572706
87957050291
51844763048
76631303452
97524718591
53874947664
17639284450
71925187963
77153560920
82668001534
40473055202
45482913684
50679009485
10558165459
94248822273
74018604156
53982744202
99663074968
35252341337
77162679157
89277036751
70918378226
77815589454
34020261548
21402527955
32065414548
77595695149
40740295667
21567227804
80693897457
98059103474
82562193260
20176623396
68410119293
25170650989
88964875998
67494901009
99880927887
61876241868
51768058934
82373043948
24094438010
62848119594
26730721373
99981041397
43331315849
58044148134
87807963079
41242169414
22980098056
13971237534
28735672611
15948188464
32747214461
43807338731
27308773017
13763149972
86591541110
20996691138
76387937359
28462528754
29747396140
27615915150
97055713319
20435156159
13172960807
97188398073
49123128954
50605424616
94150306109
37097783576
39482261880
52693286369
73449054772
87787056011
27783866581
86713980849
70402886972
47234667572
38206321857
89257570267
44324952656
47428164080
68051656675
93557079726
25193500441
65606927734
94960559288
98936448360
82647759485
80612893839
56208141076
65985111780
19111573532
65197521872
96143247405
49150011253
94265100011
13421917268
32876549410
86368178323
67816371396
86904638964
17018700932
94639965336
75827517682
52947172283
81242879576
12395066764
81696514556
28161339752
18425264666
80983278305
64166532331
55995407888
50005811692
16515043743
60723112187
81756105272
38509658847
83067697767
27647382747
49367355155
51481330960
87657885997
97106801816
67454494812
80480788116
37932320092
69561914113
83627475739
85253688230
94133436589
49785863226
36036561328
69428294664
57552307259
53417834427
59053662867
45062234407
78186477177
97802804382
53060241000
58292056448
81802678635
43308508434
33852464686
69563219238
15028891885
15112517870
71394971870
33521760841
75544445709
70667130837
57497483170
82970956401
86276616084
78427103912
94745576496
77202627690
77266225927
78388677154
60614076183
97511450511
96159171743
93917478924
87757636152
29186650952
54091607889
81564875983
95625695466
20166969538
98027955398
16748131376
12593924721
63258813415
67378534493
55322851464
85031528911
54075762310
20175573560
40756250213
64117282978
97278253391
66096061578
25531891765
91802857065
21092491613
65462939236
97434408574
81427405999
39633421871
66583813794
27138267128
85472313641
72013833477
72322291641
37858919265
16458691186
16671735360
15962486565
28590603110
67543811810
61342291157
75877270973
58013096009
18908301678
88003409670
89977819355
77695434126
57422782733
22394543773
59130990710
99862482266
40821959858
57886305106
64119014351
38997476778
74702201941
73201421905
12225785867
88359957465
51584221922
95088646108
75338171418
39580162394
21319553909
93499182303
85187577185
61753214302
84275270065
97647116016
11519239542
30808060577
20140024037
56411829414
23212936508
21734779784
33245542096
78111098518
88101770615
90668653928
53621942676
77815124946
47156229110
59030974455
96441208011
69513450523
88571323432
77910923504
65736782489
76833080358
29095932263
30081356787
22807083213
39241840001
41588575266
71705721115
46294465833
15055436204
33441919681
31343338601
67234109827
94540033595
90390841774
31078118573
28908897430
63066903295
14433034715
40797126117
16005394255
22402776250
54259443302
22554734614
92833118647
27535368664
91201565414
42749517784
67638123524
61465413430
78580019018
42576182642
73512665691
93720079050
74960023743
38618503945
93885852910
10030963719
37510113010
67910555242
51817186529
84629955002
55520160925
50768855263
24115651137
40795895139
99025239016
81049777958
71322108411
15176989826
79546157571
94745559892
20662628737
38940580029
25578088335
58855788894
12406106232
99651599564
87450973413
76237251538
37723843882
18939729492
74138720746
51376448399
72213879458
33145200586
84480703053
58152993669
36812583395
27822500799
47504107321
67971831696
82388262155
48108082985
68940347261
77928444214
91714364100
54698457465
25978832511
39095407257
57009771685
86612147975
26479811360
49559263868
49136947400
40873166650
38543177049
10199011341
41939867598
89207243043
39836941199
94656718937
61515920384
37083949573
66350223579
20896773243
94537678303
30824791476
49235716828
94462590961
49666480331
52817669608
36198080776
49135096266
67746694832
49719505474
13312651837
58155267769
71973583474
34178121540
52682350670
63501445166
86102057138
99893454234
85745630114
57700882154
46334755138
45223817981
39037002551
70208827169
48213464208
67691944352
22035483161
65337665009
10469891040
54504730233
38122397517
51768981661
10858478984
43938045152
44702254844
74045361053
88832230350
35414611089
20739463593
51654789901
64275585234
90414281165
83747070976
11982819857
58478424474
77139803595
31035231723
19956978323
70383369500
14771356003
16113656310
57149798988
83238024998
53962631752
64107372797
35134478996
21110231265
81523714302
79222745784
58635740631
38069264428
18381571616
94711309809
28018022152
98404351640
36589955170
84834787393
90076249795
90252290008
36365353620
61885555625
64403354160
33705090738
51267350599
11961291013
17219335363
78135472443
50429261198
92028617924
75403179877
32500822181
97253985458
58988287793
54574866513
36372753958
43680644436
50461485292
86775345748
30699985663
63860029835
81168078512
27885701657
59174608704
40878527995
38458127103
64920237565
32396428971
44917154418
68034762204
31313674384
46814038623
26612673086
49728747882
40662339906
65655525460
51313661113
98546001680
89854806510
65896062849
33883192184
53278267336
76267006179
12677738218
78873843142
66373193166
52971518715
39501640980
22468257154
52569330099
44469882455
14926088622
13919206276
79505763173
22125732435
89102387870
97180859073
79580412354
57241562138
94920228801
49704905891
16846908717
26631601414
21512569321
76619500323
95901286363
36603594717
16482320721
52814717903
80964490206
18644244798
73243092650
32047036059
24379420390
50699518961
23031164936
42985557889
62958768992
58203157956
87575508193
62093987029
62786054607
13763461695
89405594060
98829884393
98745365080
77439219174
92314008359
48247307169
36045186983
98913036945
57253679481
70025023565
10234410089
84597736305
12819342212
74836301359
29053787537
57990556340
74160198425
72549284803
12519200051
50448821484
32047411706
44658380626
77646044976
64740669269
37000896592
19095214556
30931057713
17133815128
72563976573
85377672906
28215674419
45952989420
69380924733
63263556451
95624601999
51791112146
22161343402
70933061943
88199701024
56321659024
72782537161
65633498149
25988277677
63316292760
19103269304
99573327903
65591184059
39591401828
68418080171
49946225116
76514234995
87013553429
80813274360
22971478129
96437062960
21771678410
64204771436
89130260890
51698536092
67052870987
17912680259
90639193993
94735401957
10147097877
48820891474
87666012444
90903099093
55307817850
95479405245
53637110037
90351832374
81218917813
79603248836
21758392847
82858427722
80069129340
47794045023
98872201596
53834705849
72051263077
19905894776
35123366618
62877310312
46791694549
19567091603
36328270674
43796345997
56512909489
74082799061
38162621054
64751702839
84086583660
33145870100
13680404904
36326114178
83852366295
76585216811
79862061836
85403065219
48127101264
48303810114
90626833817
70873133902
24600215888
95649977013
60776752457
15453821334
29765351728
87018960613
27262346229
85447185373
67515092992
36909879878
75996229928
60631599393
51271248251
49276866022
33173984573
49360907179
58834360660
24951951337
61411258830
49167197610
29306174139
72696977257
21313468921
86800176083
26863026254
42915474146
29301404188
23951661219
71640035799
26231800670
89101756226
82222968401
55700866496
39482946469
64131088790
77147798313
13084967006
41583357538
66748963184
18927642009
75040990548
89095339866
23668561646
76149224370
38032913286
86787887505
11384922092
79844401545
63460125570
25259450361
11209616300
70632626726
33796410112
43800379748
98785377725
16691681682
59814145617
41483535980
92987193922
18647821008
30033643671
99997230157
92506884590
38642046790
68173453520
20596919807
63059053620
50066853545
51866467962
22412529080
27013403457
82824898482
19600411737
11827154396
68053289687
81552754964
73661113967
71325995905
26494371008
88816343490
52604751753
66431275189
38284139341
59443324587
62045690455
81891713267
37013903685
10165287966
71044062448
93121055687
17610833275
46268697735
84364820481
10383124989
62273474544
56818614085
24661955074
72609545181
14640998038
60573616340
21296554928
62569053561
25494780732
46475728166
46944024840
76790275288
73401512581
22263808789
28115502395
74571545535
74723384092
11934463792
63843880321
90186553916
35872275646
61818599922
33071198830
94544969246
26497468799
10215597217
43746992425
17257431368
21754613236
35710222015
47712395715
83086367204
50143118304
68243136482
65548986111
73816411226
57919656804
94737478070
11071209694
43195361465
19029922308
64042032280
53807540564
69652100008
51363704173
79956992256
14295901281
66982380466
46004125841
65402452637
69099689067
84018852604
80361686770
93716845853
40883312138
95720399009
53216386831
12630556365
82432379936
34999702074
61346474389
94936624013
26120688181
80071969150
88898631899
35125787208
80681805387
45147197223
72477980535
57762874089
98010296015
72743696520
62551229905
43429463737
65231567466
57951368888
98805422323
55312513192
94890257454
54368298258
82604723884
78346404799
57120751052
97232682015
75229266500
63967061935
63863689520
59017945578
11023130151
48601506011
56568335981
50339364632
65680539115
12765371360
72854430577
32883061482
27916761832
58940511034
49832646101
51180502219
90023790168
50520467533
50996215120
80882688926
30108674877
92231617649
30910818113
93438875712
91719042040
76820136519
92736157174
12509116005
98865672522
49654145776
19746473618
90408659623
62397281980
13320402190
13186073030
29170069909
51334100345
78929155830
11430892291
96098740148
43671102866
69729904921
56529673379
18800500010
21251579637
23121397903
74500104389
15461677946
34290015551
61009341511
27013305078
20686555996
97031379989
84969449044
18883942571
60030851515
49352062146
23943405980
37525688136
49117677363
75478458774
28465276926
58108690773
33020019272
84423465937
14491639193
10321000150
50559490402
33890363655
83474665151
62441828139
89382585757
79233552710
55422645998
54838748376
95577211724
84593723978
69528055470
10649780715
30880845251
56198706707
27739100830
97029581017
33061085285
10826197406
15738856188
94741025512
14614682869
39613291161
24836116205
43760530042
78620898602
98711276226
71665529625
69717678516
59910928377
64745822977
72276621233
98490061916
45427190495
59874061481
12196443002
89914700905
34246627037
25083287684
63123194694
12567069116
29963887875
82092832465
24332959925
75090433414
52542429580
73842930242
68096317236
14716237316
10799186084
69390777485
52820849895
48405976697
40166446385
43268410156
86891500820
36104052186
76948274057
47390537373
28295012920
96111251626
79377568547
68798341931
23409012375
57356170279
29727765993
17931531397
24919641575
10363893174
90933294566
28880402050
21397831227
74530430091
61979122052
72024669708
48712290125
10100741251
83700460914
35404901443
47418921618
83215693815
90414801662
45007932794
96736049210
59934634104
77714841702
31386398621
87981885704
49875558061
95118371073
77492208953
18312737725
16301262645
46061828686
72282350236
20481431325
58020295388
57510341686
68718139563
33106052516
16141597131
20225464024
81374432664
65668302034
87332332815
32299542288
43291804223
13914151449
61590514606
48187105595
68284703475
53347518472
64600159716
65294900119
39892645899
27292074421
22831496328
22587252397
63845970014
40743977995
53593770539
70025241975
15388524844
43040401374
66513766048
90659143419
75526160202
94058080588
91612144057
99808017937
85577988631
88501458024
58000985012
86041419921
41150505441
14165942873
41355440784
92281576387
66055054821
35510185812
68356728294
47402865538
11997824617
35196964842
22708086885
87949079517
29240807151
43534689262
87601555143
30859484616
50107947857
25226224110
10361845965
59047191224
55945017235
92246928582
59822599166
62652825483
84274206586
84223859103
41158520916
14612177326
34751610834
64031800768
98560637506
14835001498
88461919956
65859821351
40198303895
87077157965
18968658180
90481577323
87605594114
75243781854
57920401219
49866478896
20919747645
86320510486
75378015895
99103479444
20168124980
11196748531
88679707931
35462777818
41656253050
71794832945
28167627222
87330353183
11391456776
60837796575
55640107857
16979823258
21892564088
10587294825
75956319678
74904525159
10357891064
38693398807
82076043003
53280064692
94475831743
57283296744
47384239028
67526032935
77413193122
10509622531
76170123458
20735716268
76705961596
67266999937
40044501145
50102063268
16576390587
91802554389
34395774142
50238614523
23648380444
93444342777
69678043052
93875153882
37455210781
46114782482
76421898210
11063581945
91128678861
65139979870
63050412061
31455152991
82882953384
79972502132
95501462183
45227680601
46740853247
60128565449
72263019150
74465560982
75124766482
79024499867
41244140748
38922198904
56793661050
70765385561
42243904007
80357329179
68346438913
56318865193
27631670725
74642719083
92046738069
75691999960
59819739156
90514280892
64813592149
98244375787
35208254096
16782617683
50032255644
85530347589
46777200571
85200119404
10316388816
29473046355
81360576842
89615562787
38888768627
88146579006
35563360632
31046698447
76435695286
39502923693
15013593189
94515331278
52793417542
63814053875
80547654640
19147120201
83976362778
88174490677
67304935500
35233482213
27515260397
56706557893
50090571422
78286111634
51708350190
28439586501
47364232201
58187997409
90129973525
15862527481
39918016704
87708119794
78739402230
55541714209
41873436057
51590316708
11271422203
49729873201
36148946266
13689605497
67342454036
40106747095
96952642605
27780001331
26307366621
75681028354
24689636724
82233100763
17475573717
92941336808
76258763556
92381106031
85987424386
10632391496
96879890969
82659890209
97517190705
81063765219
67595312861
47414810496
78334119793
70499927166
97586644008
48904052118
21934415837
23535839797
41002598936
57791148672
64168123326
76137486736
29199872822
77031318739
32660174269
40003822244
13302739946
28011981039
14161195279
87428212788
36989084800
19499361999
46348869212
65276508059
13661108155
28034177857
35230162676
18025750538
51015511740
58099512820
44489044698
31170468293
80832120791
83917057245
13777192003
82668374221
77204325588
70496255312
20835845104
66397708484
33489844307
82830706147
88634944525
63697077429
12831892875
73834834027
81565408131
46622423192
39329814902
68842568673
96232777685
38494284606
39336533103
26326846832
88982515376
60201660407
62765447680
44276143898
91095038460
67282070725
23539774534
39697967816
83950559642
84574422183
77347770293
48056760112
64942357272
92550261511
50806830854
37819395259
20533216919
63188948677
25186572084
77537496972
81218152808
31629292668
37141281843
46348470965
64564454656
60962415487
54981636530
94829933462
68262320231
60477279830
50943730589
51628937037
90359149355
87222186204
75728211782
92260426017
72962476131
16381798568
74628297298
99136955426
76869163741
45327675431
55184884124
63143447475
60274711747
17022673340
94592828626
88160702904
48368184571
21902550418
11436565977
54664082810
45644568342
23326080760
85664144452
39842237604
85449139170
59699515585
67953168174
72968604088
44316133608
23232961194
77525483654
92553534031
71277431520
19191489050
22691512398
13152872454
52617897368
67775809473
80208581304
29014047835
86477762455
48035231346
50514592464
72208234199
48831766336
36993741257
21162085804
18711299252
36549365871
74794250933
38830775412
50344937182
69876694519
62606793579
76631239150
42902146277
54976418657
41996573952
68297227353
69901031622
40077006712
56982872029
20431352824
39546449126
40606312458
55889670194
46128447741
50351320964
24911450053
26115765191
75142598115
58531753893
47224173127
27624912393
27115338020
70792742285
66299144433
79816687694
13616825630
12647785056
42494241084
50883444085
62513149715
42949135692
98762258933
78220256568
86520963206
46514466266
92923539232
96037442872
83752179998
81774411434
43145541593
92282153503
85147136330
26131934499
18892950249
19755233596
71180104025
91280909294
69535304632
30734691132
64296173403
77745188710
37407090500
45034625211
28399006444
15640075592
17867717356
60272653491
57946209751
20485225053
71009156449
76203438764
30765230050
59789218916
86394827095
42981744140
55019356754
31956100767
36990680384
90732206688
47989286676
61163365210
16338466731
91295074330
99755715728
68159069762
96245379788
47007991867
51899846858
19996487928
94402411628
91460417267
22491643504
35198954990
82961482097
50185958416
50176607680
45720129473
58442027436
38693143365
57276208241
11933926118
53318406725
92011096827
45373361726
63800963142
92849555784
85509355272
56936973657
10226315896
17353038658
39587884729
62375526062
70061009309
67945410674
20630808015
76658900148
81821851329
73887438157
15990561767
56146361990
23960777478
32596812928
19487853950
45486067740
64430908911
17255920329
90744558454
41438573320
75140500671
98258650922
13608789732
46799604425
12922225172
97873419975
22395202673
24761373408
60936630311
46029109790
22354414275
41124630977
91880530107
55543415058
81404472119
62977583989
86403188592
25469383297
91201283423
50238722874
27917872683
14159788315
47645068413
97898577164
79590253984
23749211878
40087300826
21599550064
37200256842
88894245708
88835236906
27974205427
78339444725
12545698528
37531951164
40946217113
12074688460
62513167099
27733260261
95697777087
42226134600
72416623793
91675965049
54501283552
81898095562
57451649305
42241333915
39295562280
85444979784
50427438024
27614788149
13542250138
34365361777
42891762219
82199849708
46284634745
50398134901
80703696234
42535462225
82898298550
21605514591
97298473465
34341026319
56315499204
44955509796
34250115682
95200100670
85383531186
56414265942
81715747781
37104555100
15520623087
93345999864
84744783601
65758122668
48093816604
42348589039
16677129370
81089856826
81950122968
76559908858
98434101311
55608682585
81268716992
71449970567
32473322713
42832299922
65431203976
65583557307
25164397929
58244455961
67726714743
31960708093
23799409255
66589187782
43489427901
96530956111
13325683106
48678924614
63108815590
73153201971
26858420726
53519753994
31429052278
77634099366
37327680081
38243081495
62554876539
80769173068
50835513705
42303002817
36883423345
28784133638
35466559090
52036439363
13168879259
14956793085
76849888334
54486459157
30080698897
77773948876
79251336498
92362855263
86377510633
44546712519
54736508099
17000036876
53560422371
32256491501
37825318889
80813274360
22971478129
96437062960
21771678410
64204771436
89130260890
51698536092
67052870987
17912680259
90639193993
94735401957
10147097877
48820891474
87666012444
90903099093
55307817850
95479405245
53637110037
90351832374
81218917813
79603248836
21758392847
82858427722
80069129340
47794045023
98872201596
53834705849
72051263077
19905894776
35123366618
62877310312
46791694549
19567091603
36328270674
43796345997
56512909489
74082799061
38162621054
64751702839
84086583660
33145870100
13680404904
36326114178
83852366295
76585216811
79862061836
85403065219
48127101264
48303810114
90626833817
70873133902
24600215888
95649977013
60776752457
15453821334
29765351728
87018960613
27262346229
85447185373
67515092992
36909879878
75996229928
60631599393
51271248251
49276866022
33173984573
49360907179
58834360660
24951951337
61411258830
49167197610
29306174139
72696977257
21313468921
86800176083
26863026254
42915474146
29301404188
23951661219
71640035799
26231800670
89101756226
82222968401
55700866496
39482946469
64131088790
77147798313
13084967006
41583357538
66748963184
18927642009
75040990548
89095339866
23668561646
76149224370
38032913286
86787887505
11384922092
79844401545
63460125570
25259450361
11209616300
70632626726
33796410112
43800379748
98785377725
16691681682
59814145617
41483535980
92987193922
18647821008
30033643671
99997230157
92506884590
38642046790
68173453520
20596919807
63059053620
50066853545
51866467962
22412529080
27013403457
82824898482
19600411737
11827154396
68053289687
81552754964
73661113967
71325995905
26494371008
88816343490
52604751753
66431275189
38284139341
59443324587
62045690455
81891713267
37013903685
10165287966
71044062448
93121055687
17610833275
46268697735
84364820481
10383124989
62273474544
56818614085
24661955074
72609545181
14640998038
60573616340
21296554928
62569053561
25494780732
46475728166
46944024840
76790275288
73401512581
22263808789
28115502395
74571545535
74723384092
11934463792
63843880321
90186553916
35872275646
61818599922
33071198830
94544969246
26497468799
10215597217
43746992425
17257431368
21754613236
35710222015
47712395715
83086367204
50143118304
68243136482
65548986111
73816411226
57919656804
94737478070
11071209694
43195361465
19029922308
64042032280
53807540564
69652100008
51363704173
79956992256
14295901281
66982380466
46004125841
65402452637
69099689067
84018852604
80361686770
93716845853
40883312138
95720399009
53216386831
12630556365
82432379936
34999702074
61346474389
94936624013
26120688181
80071969150
88898631899
35125787208
80681805387
45147197223
72477980535
57762874089
98010296015
72743696520
62551229905
43429463737
65231567466
57951368888
98805422323
55312513192
94890257454
54368298258
82604723884
78346404799
57120751052
97232682015
75229266500
63967061935
63863689520
59017945578
11023130151
48601506011
56568335981
50339364632
65680539115
12765371360
72854430577
32883061482
27916761832
58940511034
49832646101
51180502219
90023790168
50520467533
50996215120
80882688926
30108674877
92231617649
30910818113
93438875712
91719042040
76820136519
92736157174
12509116005
98865672522
49654145776
19746473618
90408659623
62397281980
13320402190
13186073030
29170069909
51334100345
78929155830
11430892291
96098740148
43671102866
69729904921
56529673379
18800500010
21251579637
23121397903
74500104389
15461677946
34290015551
61009341511
27013305078
20686555996
97031379989
84969449044
18883942571
60030851515
49352062146
23943405980
37525688136
49117677363
75478458774
28465276926
58108690773
33020019272
84423465937
14491639193
10321000150
50559490402
33890363655
83474665151
62441828139
89382585757
79233552710
55422645998
54838748376
95577211724
84593723978
69528055470
10649780715
30880845251
56198706707
27739100830
97029581017
33061085285
10826197406
15738856188
94741025512
14614682869
39613291161
24836116205
43760530042
78620898602
98711276226
71665529625
69717678516
59910928377
64745822977
72276621233
98490061916
45427190495
59874061481
12196443002
89914700905
34246627037
25083287684
63123194694
12567069116
29963887875
82092832465
24332959925
75090433414
52542429580
73842930242
68096317236
14716237316
10799186084
69390777485
52820849895
48405976697
40166446385
43268410156
86891500820
36104052186
76948274057
47390537373
28295012920
96111251626
79377568547
68798341931
23409012375
57356170279
29727765993
17931531397
24919641575
10363893174
90933294566
28880402050
21397831227
74530430091
61979122052
72024669708
48712290125
10100741251
83700460914
35404901443
47418921618
83215693815
90414801662
45007932794
96736049210
59934634104
77714841702
31386398621
87981885704
49875558061
95118371073
77492208953
18312737725
16301262645
46061828686
72282350236
20481431325
58020295388
57510341686
68718139563
33106052516
16141597131
20225464024
81374432664
65668302034
87332332815
32299542288
43291804223
13914151449
61590514606
48187105595
68284703475
53347518472
64600159716
65294900119
39892645899
27292074421
22831496328
22587252397
63845970014
40743977995
53593770539
70025241975
15388524844
43040401374
66513766048
90659143419
75526160202
94058080588
91612144057
99808017937
85577988631
88501458024
58000985012
86041419921
41150505441
14165942873
41355440784
92281576387
66055054821
35510185812
68356728294
47402865538
11997824617
35196964842
22708086885
87949079517
29240807151
43534689262
87601555143
30859484616
50107947857
25226224110
10361845965
59047191224
55945017235
92246928582
59822599166
62652825483
84274206586
84223859103
41158520916
14612177326
34751610834
64031800768
98560637506
14835001498
88461919956
65859821351
40198303895
87077157965
18968658180
90481577323
87605594114
75243781854
57920401219
49866478896
20919747645
86320510486
75378015895
99103479444
20168124980
11196748531
88679707931
35462777818
41656253050
71794832945
28167627222
87330353183
11391456776
60837796575
55640107857
16979823258
21892564088
10587294825
75956319678
74904525159
10357891064
38693398807
82076043003
53280064692
94475831743
57283296744
47384239028
67526032935
77413193122
10509622531
76170123458
20735716268
76705961596
67266999937
40044501145
50102063268
16576390587
91802554389
34395774142
50238614523
23648380444
93444342777
69678043052
93875153882
37455210781
46114782482
76421898210
11063581945
91128678861
65139979870
63050412061
31455152991
82882953384
79972502132
95501462183
45227680601
46740853247
60128565449
72263019150
74465560982
75124766482
79024499867
41244140748
38922198904
56793661050
70765385561
42243904007
80357329179
68346438913
56318865193
27631670725
74642719083
92046738069
75691999960
59819739156
90514280892
64813592149
98244375787
35208254096
16782617683
50032255644
85530347589
46777200571
85200119404
10316388816
29473046355
81360576842
89615562787
38888768627
88146579006
35563360632
31046698447
76435695286
39502923693
15013593189
94515331278
52793417542
63814053875
80547654640
19147120201
83976362778
88174490677
67304935500
35233482213
27515260397
56706557893
50090571422
78286111634
51708350190
28439586501
47364232201
58187997409
90129973525
15862527481
39918016704
87708119794
78739402230
55541714209
41873436057
51590316708
11271422203
49729873201
36148946266
13689605497
67342454036
40106747095
96952642605
27780001331
26307366621
75681028354
24689636724
82233100763
17475573717
92941336808
76258763556
92381106031
85987424386
10632391496
96879890969
82659890209
97517190705
81063765219
67595312861
47414810496
78334119793
70499927166
97586644008
48904052118
21934415837
23535839797
41002598936
57791148672
64168123326
76137486736
29199872822
77031318739
32660174269
40003822244
13302739946
28011981039
14161195279
87428212788
36989084800
19499361999
46348869212
65276508059
13661108155
28034177857
35230162676
18025750538
51015511740
58099512820
44489044698
31170468293
80832120791
83917057245
13777192003
82668374221
77204325588
70496255312
20835845104
66397708484
33489844307
82830706147
88634944525
63697077429
12831892875
73834834027
81565408131
46622423192
39329814902
68842568673
96232777685
38494284606
39336533103
26326846832
88982515376
60201660407
62765447680
44276143898
91095038460
67282070725
23539774534
39697967816
83950559642
84574422183
77347770293
48056760112
64942357272
92550261511
50806830854
37819395259
20533216919
63188948677
25186572084
77537496972
81218152808
31629292668
37141281843
46348470965
64564454656
60962415487
54981636530
94829933462
68262320231
60477279830
50943730589
51628937037
90359149355
87222186204
75728211782
92260426017
72962476131
16381798568
74628297298
99136955426
76869163741
45327675431
55184884124
63143447475
60274711747
17022673340
94592828626
88160702904
48368184571
21902550418
11436565977
54664082810
45644568342
23326080760
85664144452
39842237604
85449139170
59699515585
67953168174
72968604088
44316133608
23232961194
77525483654
92553534031
71277431520
19191489050
22691512398
13152872454
52617897368
67775809473
80208581304
29014047835
86477762455
48035231346
50514592464
72208234199
48831766336
36993741257
21162085804
18711299252
36549365871
74794250933
38830775412
50344937182
69876694519
62606793579
76631239150
42902146277
54976418657
41996573952
68297227353
69901031622
40077006712
56982872029
20431352824
39546449126
40606312458
55889670194
46128447741
50351320964
24911450053
26115765191
75142598115
58531753893
47224173127
27624912393
27115338020
70792742285
66299144433
79816687694
13616825630
12647785056
42494241084
50883444085
62513149715
42949135692
98762258933
78220256568
86520963206
46514466266
92923539232
96037442872
83752179998
81774411434
43145541593
92282153503
85147136330
26131934499
18892950249
19755233596
71180104025
91280909294
69535304632
30734691132
64296173403
77745188710
37407090500
45034625211
28399006444
15640075592
17867717356
60272653491
57946209751
20485225053
71009156449
76203438764
30765230050
59789218916
86394827095
42981744140
55019356754
31956100767
36990680384
90732206688
47989286676
61163365210
16338466731
91295074330
99755715728
68159069762
96245379788
47007991867
51899846858
19996487928
94402411628
91460417267
22491643504
35198954990
82961482097
50185958416
50176607680
45720129473
58442027436
38693143365
57276208241
11933926118
53318406725
92011096827
45373361726
63800963142
92849555784
85509355272
56936973657
10226315896
17353038658
39587884729
62375526062
70061009309
67945410674
20630808015
76658900148
81821851329
73887438157
15990561767
56146361990
23960777478
32596812928
19487853950
45486067740
64430908911
17255920329
90744558454
41438573320
75140500671
98258650922
13608789732
46799604425
12922225172
97873419975
22395202673
24761373408
60936630311
46029109790
22354414275
41124630977
91880530107
55543415058
81404472119
62977583989
86403188592
25469383297
91201283423
50238722874
27917872683
14159788315
47645068413
97898577164
79590253984
23749211878
40087300826
21599550064
37200256842
88894245708
88835236906
27974205427
78339444725
12545698528
37531951164
40946217113
12074688460
62513167099
27733260261
95697777087
42226134600
72416623793
91675965049
54501283552
81898095562
57451649305
42241333915
39295562280
85444979784
50427438024
27614788149
13542250138
34365361777
42891762219
82199849708
46284634745
50398134901
80703696234
42535462225
82898298550
21605514591
97298473465
34341026319
56315499204
44955509796
34250115682
95200100670
85383531186
56414265942
81715747781
37104555100
15520623087
93345999864
84744783601
65758122668
48093816604
42348589039
16677129370
81089856826
81950122968
76559908858
98434101311
55608682585
81268716992
71449970567
32473322713
42832299922
65431203976
65583557307
25164397929
58244455961
67726714743
31960708093
23799409255
66589187782
43489427901
96530956111
13325683106
48678924614
63108815590
73153201971
26858420726
53519753994
31429052278
77634099366
37327680081
38243081495
62554876539
80769173068
50835513705
42303002817
36883423345
28784133638
35466559090
52036439363
13168879259
14956793085
76849888334
54486459157
30080698897
77773948876
79251336498
92362855263
86377510633
44546712519
54736508099
17000036876
53560422371
32256491501
37825318889
23936280437
33356566683
17532647090
36062666548
23588312324
37608185212
38114247552
10408253526
70166620701
40203759155
40840245725
80319352444
36224902391
25870029662
37727609758
72765191194
25009261301
21160596732
84577050246
61569893902
40013778371
18952185180
50938319883
61930919324
68686737478
55268637513
34325118568
54043000470
74157312400
93383882253
47661985431
56332933789
92942476458
90526402249
51950879135
71623191207
21440384356
79121563393
41159786839
64212616327
99918205248
53211803288
27414514152
37132934756
78668769419
30459720377
50350276206
55296249369
47624361405
46997659173
30203670082
16800038429
60453378250
92857688535
64984125387
38725040826
90829649594
37284766075
36663108504
60787412094
15806456275
44209981361
94249223641
48255242060
88882431870
30302209915
90866866592
91905025076
79778931976
34740872154
92402973741
80062850864
27431031734
91399462085
91781878181
35072620498
64329374206
24079047589
42965358316
67636669692
29984428626
43517263933
84867013107
85914092042
55102195316
11785013402
73054769654
19297122220
20194236116
29874726207
97927438748
44165877166
23869725858
37631928256
40289441557
36691118538
70987441459
57517089344
84299359768
89805926432
68836454258
60048459773
53841938466
36398846436
23195179779
97714601071
86503151863
12271604564
37971861177
46301782880
97150862985
67801698723
21145022655
84980392434
38438118562
71864688509
94969670802
37219421263
76591591773
19843310846
48551693936
30221032677
58839800748
16411607688
26545647627
78590249818
98259957153
41302820663
70380381927
73246279679
28620869508
92831868683
35183540847
31196487803
94631252840
68109051044
33613566124
73110014848
25948204476
13703254416
89880690287
64640753327
89130803365
15872608489
85726278921
78093039067
15776434510
57169767239
47990210673
13824976928
59108224887
52585875646
66664814114
76660596072
75071476871
36202505589
68491098508
77582962346
84095768928
82921317650
42588026743
29596260376
40934253388
73925585121
89494686599
38543516597
30509186838
50594950529
75380384694
83636962171
72159377044
82842419948
83949077117
98547351494
27751605217
74217273171
92229624467
85917488145
22252179739
97384813519
32345827030
21306630922
29584764500
76982297601
54006605872
13825870363
64067380947
76969484191
85951496048
59343685367
85668292032
60809215880
41715690840
46083114592
22205374623
94317006157
63335675170
47756891392
24203083379
13345293090
97739838131
92480196318
11374738304
24057449319
79857819163
38797617378
88565714338
62115923970
24876751380
19481565348
21775547203
65643509891
44126958634
99341788100
46337630161
96127190057
33079814021
65821554090
15873037501
44827479750
61838595059
60834245648
33197617618
68880485865
86253606331
90162155343
68481689264
21907821473
63712481196
55820204828
60667541217
93967155276
62668542646
18860059331
40994452842
42796063827
73512462181
96643794783
40168261577
35134492770
60892005064
10868506841
64740796122
96778661416
96382317082
33283530009
78058311133
39029015565
54244854566
19413197116
64361895205
72249190125
22718379002
43898494768
92950062590
74850511034
62462468767
99731217976
80186483315
64903353336
17783653136
51898869057
32933317427
21702934709
17760890763
84807949372
10526586480
80740230094
30157836065
72838800163
88809419133
15877464696
70562209247
44267029952
79999313270
68853856894
56810719318
85117926504
78084151417
24470241505
40501913618
81046669730
92951123535
91291149174
65707177473
98092836656
57928975736
89153842826
90588115774
54159037677
57967584362
28614620918
98873029888
44850505352
48387362393
44966242032
99192392385
15461073973
63161656297
68806581267
58061187183
87444015396
90716098312
90109588518
76116008390
80199862018
59175403214
57853663095
20795706743
78906019606
28695398293
69252075543
50536624784
58079069716
13421469045
34584252166
19831362390
56570970343
83863623990
49740231037
82369968933
56281246515
80003340127
79023831508
11528066755
53593827558
23545103667
84064020090
26065369230
41378959602
68734041186
69540536894
66152387895
76160786514
37519519590
23030490180
81239908858
18980056021
17291561206
24452269891
15071840546
84434239891
42667980753
46122575067
82112211251
70666831115
57111140681
47248713285
48893017385
61300725788
43376931218
38409792437
32743367189
77470515749
76759155775
26148463060
52639387332
57894925247
26703855595
53122067522
40561342792
94271129338
26862417529
90672645785
77026736042
28875832630
59373827421
43338942583
23480167537
33060027249
41627098785
75536269349
71138088297
87577542431
91674528314
55958340431
24901264723
72309101593
59603554206
73524390889
29437191256
42361496871
71176155574
95521306799
97985457163
99309326796
33056289850
26827834771
14712893169
43009198578
69668372964
14169662721
37588928462
99147374815
24171347304
91238468500
19931606208
94241985892
33348368201
29986574039
88637847664
78368303154
20562038618
72488046866
17801237428
77943325029
96858579344
97302009233
86756404494
37063840079
29572436868
26092118568
54861909004
46837617069
39179936272
96423186616
97442648030
98257334880
74976853172
41835876041
95266715220
18599316371
85401700928
28188431704
79668938221
55231039501
94798965787
27359047117
55637155091
52595857600
15680608352
87308149029
86724838843
86304697950
13973201071
10933482749
70741515083
93579115637
40225842714
69188056970
16712030202
59896670567
99446625557
34257356204
56202280863
53581904758
47789645439
40442618810
96727448725
17727633076
49160751987
12171366095
68111058577
63841362731
69906619680
83579695160
82701753981
17488944578
65592073066
56027032370
17788812673
21563292445
57479644126
43405799020
42601447049
40787194769
30838773624
83689841346
73141524064
24987727795
92976162761
36830828127
97970853034
55486519201
53462182731
28803315990
50491571152
84353582206
70854335700
69669270810
12349761634
29537271702
77562509484
63241458426
71117013527
76685403827
99642211069
92829702785
32983096316
92081241714
99841156701
40419501252
77104007059
53388162619
13541212818
89790980553
58502131086
29729948533
90901738711
88139863671
75459716911
10446184972
98305735550
30165288032
50198069525
74497628043
47630408010
35898225870
96881134242
88845608831
79310691875
61836194530
59626882752
75635607909
68481250738
99974509122
47601929613
54442742874
43716630987
63226150769
41754496671
22358230675
69187073975
94147573544
41181368214
52930220737
66558931971
67810766483
46709620706
83658456434
44861826123
59045573598
65103447860
31014603945
36035518392
47423355982
12211307202
87741744455
86850522038
41747690164
61306851536
14755629529
95400066444
12121814150
41757709427
49363268213
41541766397
99628624332
73536285702
48882892201
66907542678
20825968906
10417207647
87094424048
41142770849
70304258674
61010742407
30853738882
64563460540
65880922408
74090707470
55004811852
69789005973
17820320176
34169766555
35298389535
26917438188
78574230662
14321833944
38886986940
84845391331
60140799797
51414925951
35448046586
14588342178
54900421367
90145768954
90311716326
45549380792
88599998431
52857105438
99938661145
69593172249
24551065323
56516503172
77485497096
12779624604
23773230850
23701229762
38892857002
15669989896
66949885201
53512772868
34638239459
56860949555
20539352991
40809542711
63946824288
40094956903
64154640057
73763481180
35999676390
72664731876
29396025939
54100549366
34337662474
32696159548
94591129791
17366652985
71144616551
10556008118
82977872387
86080842890
56075765282
15619286317
23095009394
25932253226
53252186543
55929858779
87022327337
61980374092
87198878193
65292688746
61530467924
42350306916
51269851633
96572423463
63643316586
24241063516
21223531218
61036129660
89341763992
80999848705
70619085114
16002758616
10773434817
42428949297
70606729199
41393898089
91243622235
78892541380
84549411530
81392482000
69659311317
77631542374
34866120663
88503649624
11434226620
99150833090
52718528624
12678986134
93237462874
96059351508
66178087108
73000522111
76037178411
64167434721
89543013837
51205943848
12724504508
95712025395
35667560998
42498373286
60740263061
14632681594
31965428079
42441786098
25749980009
32768688007
63280938843
66375201310
61008589332
49951110798
10548224863
43387239129
64328569094
24028350721
34311346260
45323059724
43658986617
17229234318
51839735002
23493738690
72434358952
98892249678
50358488336
83269354934
43991688586
88245154368
14363625169
34572343092
33335091998
78647226442
79710662186
48721640422
94338359050
97541008443
87355629039
41832815918
64391291921
55651368708
56160992935
30466634288
76228585830
61031937232
44368585030
10866594852
90652739372
34714613215
67474650038
48761668729
88608350277
69447708403
28384942033
84360091647
28652166671
26535792849
37871598500
87544221283
77927644188
87003524409
35660830373
50407623314
59068987786
27377933826
45916343535
56589681332
58719231091
13978208490
12326332486
32282244378
33609275718
20179050224
55945582371
77327094089
25638945180
39667268147
85946757757
28355151584
73495117406
95080627933
92700437684
65249788841
64817256424
96343807968
84652515696
12371422726
14640499292
64685738033
52319645533
71975077253
29019217555
39163436098
76567268031
92953431727
49112241150
40130253749
74190003437
36072964400
61375121654
28941958376
23822592973
53971905128
88539029602
24469343959
21282215613
67063548157
77187809257
15207644007
83490902586
86987280896
72366890366
23156986621
68644555811
18141691264
70272019947
28706665140
50888450107
45030027356
56048074206
49546196789
96653772949
29485893906
81247526172
10359688626
83366426166
38980693658
59997215873
52397961505
40886893332
54997030841
29998990900
99269166041
30450473022
16375663724
95315686320
29236990971
15650839993
85973186260
67523361620
81810256904
28190936850
14362302491
24526359457
84192329097
22752407196
98464513260
65777099570
48595940897
94597052355
72864890985
22990370688
29085615764
44625045743
48032632664
48644443073
46902814931
14921043333
10102469497
55002534687
59805403694
87538451765
22849215105
76264960660
48581293484
20756986211
40426527036
81807830320
26549065431
22930667554
55843532521
17498815977
79182135711
28311286617
14001756335
30364313927
89521221503
29251187830
76216709012
70277935881
43401640359
61576099562
49952357694
74390714192
88281909004
52812409525
18553738867
74415335345
98646753353
97475678064
92327231681
30908248256
15890343725
51130418830
94725999947
35333231973
89309998175
27441744684
49518482665
36532054037
46279227946
68661123227
80898961934
13201957207
93078582869
79110106286
34785388498
60577100141
30847270341
83966971892
39582031058
91922253017
62472021677
61439966650
98903640449
33598023742
81946998212
11467120841
61656669811
92273823912
33412802905
90705183739
24420331286
77346495979
59511715297
92793767724
12953493901
30567611196
89801905607
17275491692
31501873061
31669419062
31662404520
39444154244
15617730311
89754467755
67565926556
45467857880
89738789070
75091586034
15278659321
99382958063
99543671607
99935678008
50184766266
80614770089
77682842273
98027388517
12114226369
57457499721
13055412979
43272850151
70625815793
67276114253
68691821943
30792103955
16385186198
66368647760
37078318294
21477368523
36665182985
39964838303
10502941639
33636040965
93196253444
34794103270
51873978384
21887649809
85555292181
93620582000
19841590249
97791751772
60933433188
17437322197
69662382159
89348250816
62053901583
93693326112
94687037566
19705281210
51811471597
99476065739
77105982456
72734070316
91744450787
90109048709
95135767980
31235817885
37747379620
51875722962
19683423649
39377230135
74810777647
85805048930
29091835595
91256281692
42607209613
40608608556
87135666175
89206289912
27546581588
84193253241
46856145274
73626183737
63373082720
84475789409
81796494749
50361408472
24299356912
38087832051
96535059472
11181635395
76993829980
68268300924
49378072583
13218639728
33929999712
42777283123
79687607591
61556094442
41568273196
96491768303
96830328143
73837897727
67705936200
75969265095
74111740380
27683725395
32229619840
83034597855
58218871902
98361801485
42821399733
63594941350
68006485842
65033643344
29830357150
99177623016
80214838121
37488317304